#include<stdio.h>
int main()
{
    int T;
    scanf("%d",&T);
    while(T--)
    {
        int N;
        scanf("%d",&N);
 
        if(N==1 || N==2 || N%4==0)
        {
            printf("YES");
            
            if(N==1) printf("\n1");
            else if(N==2) printf("\n1 1 1 -1");
            else if(N==4) printf("\n1 1 1 1 -1 1 -1 1 -1 -1 1 1 1 -1 -1 1");
            else if(N==8) printf("\n1 1 1 -1 1 -1 -1 -1 1 1 -1 -1 -1 1 -1 1 1 -1 1 1 -1 -1 -1 1 1 -1 1 -1 -1 1 1 -1 1 -1 -1 -1 1 -1 1 1 1 1 -1 1 -1 -1 1 -1 1 -1 -1 1 1 1 -1 -1 1 1 1 1 1 1 1 1");
            else if(N==12) printf("\n1 -1 -1 -1 -1 -1 -1 -1 -1 -1 -1 -1 1 1 -1 1 -1 -1 -1 1 1 1 -1 1 1 1 1 -1 1 -1 -1 -1 1 1 1 -1 1 -1 1 1 -1 1 -1 -1 -1 1 1 1 1 1 -1 1 1 -1 1 -1 -1 -1 1 1 1 1 1 -1 1 1 -1 1 -1 -1 -1 1 1 1 1 1 -1 1 1 -1 1 -1 -1 -1 1 -1 1 1 1 -1 1 1 -1 1 -1 -1 1 -1 -1 1 1 1 -1 1 1 -1 1 -1 1 -1 -1 -1 1 1 1 -1 1 1 -1 1 1 1 -1 -1 -1 1 1 1 -1 1 1 -1 1 -1 1 -1 -1 -1 1 1 1 -1 1 1");   
            else if(N==16) printf("\n1 1 1 1 1 1 1 1 1 1 1 1 1 1 1 1 1 -1 1 -1 1 -1 1 -1 1 -1 1 -1 1 -1 1 -1 1 1- 1 -1 1 1 -1 -1 1 1 -1 -1 1 1 -1 -1 1 -1 -1 1 1 -1 -1 1 1 -1 -1 1 1 -1 -1 1 1 1 1 1 -1 -1 -1 -1 1 1 1 1 -1 -1 -1 -1 1 -1 1 -1 -1 1 -1 1 1 -1 1 -1 -1 1 -1 1 1 1 -1 -1 -1 -1 1 1 1 1 -1 -1 -1 -1 1 1 1 -1 -1 1 -1 1 1 -1 1 -1 -1 1 -1 1 1 -1 1 1 1 1 1 1 1 1 -1 -1 -1 -1 -1 -1 -1 -1 1 -1 1 -1 1 -1 -1 1 -1 1 -1 1 -1 1 1 -1 1 1 -1 -1 1 1 -1 -1 -1 -1 1 1 -1 -1 1 1 1 -1 -1 1 1 -1 1 -1 -1 1 1 -1 -1 1 -1 1 1 1 1 1 -1 -1 -1 -1 -1 -1 -1 -1 1 1 1 1 1 -1 1 -1 -1 1 1 -1 -1 1 -1 1 1 -1 -1 1 1 1 -1 -1 -1 -1 1 1 -1 -1 1 1 1 1 -1 -1 1 -1 -1 1 -1 1 -1 1 -1 1 1 -1 1 -1 1 -1");    
            else if(N==20) printf("\n1 -1 -1 -1 -1 -1 -1 -1 -1 -1 -1 -1 -1 -1 -1 -1 -1 -1 -1 -1 1 1 -1 1 1 -1 -1 -1 -1 1 -1 1 -1 1 1 1 1 -1 -1 1 1 1 1 -1 1 1 -1 -1 -1 -1 1 -1 1 -1 1 1 1 1 -1 -1 1 -1 1 1 -1 1 1 -1 -1 -1 -1 1 -1 1 -1 1 1 1 1 -1 1 -1 -1 1 1 -1 1 1 -1 -1 -1 -1 1 -1 1 -1 1 1 1 1 1 1 -1 -1 1 1 -1 1 1 -1 -1 -1 -1 1 -1 1 -1 1 1 1 1 1 1 -1 -1 1 1 -1 1 1 -1 -1 -1 -1 1 -1 1 -1 1 1 1 1 1 1 -1 -1 1 1 -1 1 1 -1 -1 -1 -1 1 -1 1 -1 1 1 1 1 1 1 -1 -1 1 1 -1 1 1 -1 -1 -1 -1 1 -1 1 -1 1 -1 1 1 1 1 -1 -1 1 1 -1 1 1 -1 -1 -1 -1 1 -1 1 1 1 -1 1 1 1 1 -1 -1 1 1 -1 1 1 -1 -1 -1 -1 1 -1 1 -1 1 -1 1 1 1 1 -1 -1 1 1 -1 1 1 -1 -1 -1 -1 1 1 1 -1 1 -1 1 1 1 1 -1 -1 1 1 -1 1 1 -1 -1 -1 -1 1 -1 1 -1 1 -1 1 1 1 1 -1 -1 1 1 -1 1 1 -1 -1 -1 1 -1 -1 1 -1 1 -1 1 1 1 1 -1 -1 1 1 -1 1 1 -1 -1 1 -1 -1 -1 1 -1 1 -1 1 1 1 1 -1 -1 1 1 -1 1 1 -1 1 -1 -1 -1 -1 1 -1 1 -1 1 1 1 1 -1 -1 1 1 -1 1 1 1 1 -1 -1 -1 -1 1 -1 1 -1 1 1 1 1 -1 -1 1 1 -1 1 1 1 1 -1 -1 -1 -1 1 -1 1 -1 1 1 1 1 -1 -1 1 1 -1 1 -1 1 1 -1 -1 -1 -1 1 -1 1 -1 1 1 1 1 -1 -1 1 1"); 	
        }
        else
        {
            printf("NO");
 
        }
 
        printf("\n");
    }
 
}  