#include <stdio.h>
#include <string.h>
#include <ctype.h>
#include <stdlib.h>
 
const int ASUM_PRECOMPUTED[501][11] = {
{-1},
{0,-1},
{0,1,-1},
{0,1,2,-1},
{0,1,3,2,-1},
{0,1,3,2,4,-1},
{0,1,3,5,2,4,-1},
{0,1,3,6,5,2,4,-1},
{0,1,3,6,4,7,-1},
{0,1,3,6,5,7,8,4,-1},
{0,1,3,6,2,8,4,5,7,9,-1},
{1,3,6,10,5,9,8,2,4,7,-1},
{3,6,11,7,8,4,9,2,10,5,-1},
{6,12,10,4,2,5,9,8,7,11,-1},
{12,9,10,8,7,13,2,11,4,5,-1},
{8,13,5,11,9,7,4,10,14,2,-1},
{1,3,6,12,7,11,4,14,8,15,-1},
{8,4,7,13,2,14,16,15,11,5,-1},
{7,8,4,17,15,9,14,10,13,16,-1},
{9,14,13,10,18,17,16,8,2,11,-1},
{9,11,14,16,10,19,2,18,5,17,-1},
{14,15,7,11,5,10,16,9,18,19,-1},
{11,4,20,7,18,17,5,13,15,8,-1},
{9,14,19,18,22,21,4,16,13,15,-1},
{4,9,14,15,7,11,22,20,16,17,-1},
{19,13,15,24,20,2,9,7,21,22,-1},
{19,8,22,5,25,11,4,24,10,7,-1},
{18,22,19,15,9,21,7,4,10,25,-1},
{27,2,16,11,7,17,18,4,19,26,-1},
{17,13,21,4,26,18,8,2,28,11,-1},
{21,22,29,25,14,5,2,27,19,17,-1},
{21,16,11,2,29,14,9,15,19,20,-1},
{30,8,31,7,24,27,19,15,28,4,-1},
{-1},
{15,20,28,22,25,26,11,32,14,13,-1},
{30,31,9,22,26,5,2,11,32,4,-1},
{30,5,31,25,14,16,13,10,9,34,-1},
{34,28,35,7,8,31,11,4,20,24,-1},
{21,30,22,11,2,25,16,36,27,15,-1},
{37,20,16,18,26,32,19,17,10,22,-1},
{39,22,31,19,4,27,38,20,25,17,-1},
{38,8,22,20,28,17,10,26,36,33,-1},
{31,20,18,33,26,16,40,9,11,19,-1},
{20,22,11,42,24,40,38,18,4,35,-1},
{38,37,17,34,13,14,33,42,30,25,-1},
{36,19,17,31,32,34,14,37,42,10,-1},
{45,38,31,40,15,5,30,27,13,16,-1},
{19,10,44,37,17,46,8,26,4,45,-1},
{39,30,8,31,36,47,38,35,40,28,-1},
{20,29,40,2,39,5,16,46,18,9,-1},
{22,27,46,9,10,38,47,44,42,37,-1},
{32,47,26,13,50,28,22,16,19,11,-1},
{41,50,29,10,7,17,26,31,24,37,-1},
{40,14,49,5,52,2,17,32,4,51,-1},
{52,49,21,31,28,27,16,37,25,34,-1},
{21,22,44,14,19,5,34,7,10,27,-1},
{39,35,8,28,17,46,4,47,52,54,-1},
{30,38,8,32,31,13,7,25,40,55,-1},
{4,55,37,28,50,40,36,49,14,57,-1},
{45,36,38,32,2,16,57,34,48,29,-1},
{30,44,57,25,45,13,46,2,17,22,-1},
{59,8,25,14,50,34,22,28,36,58,-1},
{20,40,27,57,36,51,15,14,28,33,-1},
{5,37,58,39,19,51,32,61,59,40,-1},
{4,39,11,36,35,31,52,8,24,60,-1},
{35,33,37,52,32,58,22,62,20,17,-1},
{-1},
{45,57,7,59,26,42,35,65,19,24,-1},
{61,11,66,19,8,48,22,17,32,47,-1},
{67,60,2,58,39,41,37,16,50,13,-1},
{51,29,46,19,7,37,67,39,47,5,-1},
{31,19,13,48,45,49,5,25,63,65,-1},
{14,52,16,49,46,9,36,19,70,68,-1},
{63,32,10,28,61,70,29,40,47,67,-1},
{24,11,29,13,20,34,16,17,4,47,-1},
{46,72,2,31,35,37,57,30,22,62,-1},
{51,21,58,65,9,22,50,7,26,74,-1},
{66,37,72,4,32,53,61,33,46,40,-1},
{29,47,57,74,76,36,67,32,61,49,-1},
{76,11,37,33,9,4,44,49,50,15,-1},
{17,60,62,8,70,19,4,78,52,27,-1},
{55,49,46,36,4,34,54,37,79,19,-1},
{34,36,77,63,10,44,79,74,4,33,-1},
{19,42,78,8,76,73,4,70,60,82,-1},
{68,16,18,26,40,51,58,11,19,82,-1},
{67,27,24,30,56,15,77,26,2,70,-1},
{4,17,2,67,41,47,38,61,78,35,-1},
{76,75,37,69,60,4,27,64,79,50,-1},
{14,33,86,44,68,19,30,4,75,25,-1},
{48,38,35,9,10,63,42,66,14,64,-1},
{5,10,87,13,79,16,88,14,82,52,-1},
{61,86,79,89,47,85,75,82,37,4,-1},
{16,21,59,65,54,10,74,53,85,41,-1},
{52,4,45,13,22,79,72,11,64,58,-1},
{70,90,7,13,19,10,44,73,4,92,-1},
{72,15,34,19,55,7,87,32,42,27,-1},
{88,47,28,68,76,71,84,79,35,91,-1},
{91,70,21,17,90,74,30,13,68,50,-1},
{78,33,93,58,11,61,96,9,67,89,-1},
{-1},
{22,81,54,82,52,37,86,42,85,97,-1},
{49,7,82,60,54,8,36,28,97,38,-1},
{26,100,13,29,62,60,11,47,58,82,-1},
{66,17,55,37,8,46,4,94,99,101,-1},
{83,92,89,59,24,99,55,100,4,67,-1},
{67,96,16,82,37,65,32,46,4,89,-1},
{52,2,105,55,58,17,85,4,97,104,-1},
{79,47,13,28,83,67,86,87,24,92,-1},
{54,97,13,10,45,106,73,94,49,46,-1},
{36,100,87,9,92,107,48,53,52,38,-1},
{40,19,13,10,89,107,27,92,82,7,-1},
{4,46,29,17,86,68,53,40,103,50,-1},
{56,68,99,92,44,91,84,8,4,108,-1},
{62,49,71,60,77,104,11,64,102,67,-1},
{77,26,58,31,19,112,13,96,30,40,-1},
{64,34,42,91,100,74,32,92,67,102,-1},
{13,79,26,53,109,46,28,93,94,25,-1},
{42,88,40,32,19,7,49,106,22,115,-1},
{105,95,29,88,93,33,27,25,48,45,-1},
{42,82,44,107,108,95,15,8,98,4,-1},
{46,20,27,35,62,76,17,52,22,107,-1},
{17,113,112,120,96,109,42,57,54,14,-1},
{42,50,37,16,70,11,120,18,119,84,-1},
{41,2,67,28,61,68,79,115,22,37,-1},
{69,113,33,34,38,21,10,85,57,102,-1},
{4,42,114,45,2,65,38,47,121,77,-1},
{123,18,5,121,19,51,100,32,103,124,-1},
{34,111,9,74,42,89,58,16,114,126,-1},
{55,71,120,27,28,123,103,11,52,8,-1},
{74,24,127,83,76,103,81,35,41,121,-1},
{20,55,50,36,58,17,122,37,127,22,-1},
{27,79,82,7,66,121,54,104,85,102,-1},
{-1},
{53,87,54,100,68,72,40,58,93,4,-1},
{91,105,66,24,119,74,26,34,62,19,-1},
{34,91,102,52,82,85,124,22,31,37,-1},
{134,87,8,116,119,22,17,32,115,132,-1},
{51,86,83,95,100,22,102,119,71,55,-1},
{136,104,79,106,95,110,121,100,13,56,-1},
{39,24,58,89,130,105,121,78,72,61,-1},
{67,110,105,39,47,124,72,46,75,100,-1},
{66,92,28,104,55,98,97,85,91,139,-1},
{2,32,124,132,5,125,14,64,65,51,-1},
{56,63,110,113,11,48,102,133,19,42,-1},
{28,131,46,139,124,103,91,140,24,136,-1},
{127,97,121,11,132,69,117,27,72,47,-1},
{140,134,131,29,41,128,120,70,20,28,-1},
{67,121,103,40,128,11,46,88,74,58,-1},
{130,129,17,98,34,89,134,13,78,45,-1},
{18,61,86,49,51,2,73,116,75,15,-1},
{115,71,97,17,142,62,22,137,121,112,-1},
{69,92,11,84,16,8,47,149,93,44,-1},
{4,102,52,91,112,150,147,59,68,20,-1},
{127,121,124,118,86,77,111,73,142,104,-1},
{46,61,40,100,4,145,93,123,33,117,-1},
{29,117,92,7,101,44,87,97,42,142,-1},
{26,94,76,61,2,73,152,81,37,113,-1},
{65,8,9,52,42,124,98,16,35,25,-1},
{13,120,39,134,139,113,128,66,50,33,-1},
{111,158,55,8,17,138,4,150,155,157,-1},
{39,107,75,40,59,92,132,27,147,47,-1},
{51,93,40,103,16,79,39,67,33,30,-1},
{129,8,133,58,142,109,46,67,160,136,-1},
{94,119,158,59,55,8,17,4,154,161,-1},
{146,161,94,118,22,82,129,93,163,17,-1},
{-1},
{95,86,103,124,56,17,161,73,153,60,-1},
{52,120,110,27,88,66,49,94,38,85,-1},
{108,110,124,135,92,142,95,28,103,166,-1},
{24,142,71,65,10,146,96,49,124,30,-1},
{47,25,60,122,115,112,82,14,162,97,-1},
{30,167,156,13,113,133,73,7,14,112,-1},
{105,142,67,165,137,57,18,61,58,121,-1},
{67,4,110,104,161,160,25,112,17,14,-1},
{68,139,170,167,95,91,152,14,137,50,-1},
{117,121,131,60,40,107,172,79,39,142,-1},
{36,94,72,123,78,163,87,4,132,88,-1},
{29,175,83,104,38,73,107,82,91,106,-1},
{46,105,53,128,64,153,49,89,26,14,-1},
{123,137,141,9,112,83,134,64,170,11,-1},
{52,41,50,121,22,77,85,97,142,37,-1},
{172,169,121,14,98,46,77,74,114,130,-1},
{85,94,104,17,60,166,82,128,4,173,-1},
{7,84,169,100,25,41,9,157,19,112,-1},
{172,52,27,102,166,145,108,177,59,41,-1},
{127,62,102,179,50,152,49,17,122,77,-1},
{145,165,115,154,119,184,157,151,152,67,-1},
{62,96,104,141,33,66,53,108,101,183,-1},
{57,122,158,147,141,142,139,107,104,186,-1},
{88,121,19,103,117,109,16,163,61,4,-1},
{56,58,150,129,27,62,107,137,32,182,-1},
{25,110,38,13,83,170,175,102,46,90,-1},
{187,113,35,139,152,79,19,179,100,88,-1},
{167,150,172,130,149,51,86,143,74,57,-1},
{25,159,110,101,107,163,50,41,28,184,-1},
{185,61,85,49,79,152,37,98,127,32,-1},
{110,96,107,2,16,67,158,4,187,194,-1},
{37,164,171,82,145,93,170,143,132,136,-1},
{-1},
{156,52,41,126,22,158,95,55,178,197,-1},
{152,86,142,84,107,185,97,196,131,27,-1},
{143,91,4,34,70,179,7,62,94,130,-1},
{162,22,53,139,152,75,91,41,97,174,-1},
{81,58,156,95,65,4,54,2,40,152,-1},
{131,62,60,11,19,22,47,61,160,184,-1},
{77,9,25,127,92,22,82,42,57,147,-1},
{99,115,146,194,159,176,17,140,197,204,-1},
{100,149,124,127,151,39,32,175,41,158,-1},
{171,59,107,100,147,152,35,76,187,128,-1},
{31,95,17,140,36,55,128,146,110,78,-1},
{17,103,89,61,65,47,137,2,117,37,-1},
{157,161,51,177,171,63,39,76,21,53,-1},
{205,194,199,152,5,158,164,17,203,210,-1},
{156,206,7,52,29,136,64,187,34,49,-1},
{17,153,209,190,24,89,111,197,200,185,-1},
{190,37,121,87,192,212,67,24,107,157,-1},
{121,118,153,199,214,75,73,94,49,46,-1},
{18,33,152,170,102,166,103,156,214,201,-1},
{95,138,119,172,34,19,160,58,157,147,-1},
{22,193,82,58,4,109,134,110,79,55,-1},
{85,94,162,89,82,157,2,122,182,97,-1},
{19,48,167,29,15,115,111,214,123,141,-1},
{94,82,83,34,13,44,160,17,152,55,-1},
{32,56,11,183,25,172,135,74,177,92,-1},
{28,172,52,180,211,204,156,196,4,220,-1},
{172,222,55,167,79,131,102,104,117,212,-1},
{194,86,177,120,191,68,133,213,61,214,-1},
{70,185,82,162,56,121,172,187,130,8,-1},
{198,154,102,50,70,65,74,40,106,226,-1},
{9,194,210,70,15,71,21,65,33,126,-1},
{215,34,32,37,92,67,122,187,217,102,-1},
{-1},
{156,192,72,25,124,35,68,131,108,219,-1},
{168,214,184,26,133,15,59,44,215,136,-1},
{67,166,22,124,55,85,136,127,232,32,-1},
{44,214,145,45,60,160,37,187,10,92,-1},
{201,163,5,70,62,194,38,198,165,197,-1},
{76,150,113,55,161,152,172,115,223,34,-1},
{153,226,108,119,95,182,134,8,217,4,-1},
{77,48,38,137,57,191,40,203,202,200,-1},
{172,44,91,22,140,107,232,227,142,40,-1},
{71,210,229,145,102,5,133,19,178,73,-1},
{133,8,138,165,203,178,237,49,106,180,-1},
{21,82,216,121,91,79,229,16,139,55,-1},
{181,153,226,214,133,150,229,9,125,197,-1},
{79,235,100,207,144,187,37,67,219,82,-1},
{37,145,220,202,33,28,25,199,238,197,-1},
{100,192,204,97,92,111,201,124,224,58,-1},
{145,75,134,204,209,220,57,203,102,52,-1},
{52,124,118,88,227,244,143,61,232,226,-1},
{171,10,142,109,222,35,197,236,40,192,-1},
{108,67,226,215,130,194,78,14,104,171,-1},
{113,51,100,226,32,103,124,158,4,250,-1},
{151,161,74,160,102,44,81,212,59,52,-1},
{169,135,130,114,189,162,243,40,72,174,-1},
{196,179,162,187,137,167,145,77,107,109,-1},
{211,252,196,60,235,55,120,151,11,180,-1},
{138,72,64,19,157,242,55,209,4,248,-1},
{250,232,67,41,61,35,203,22,121,65,-1},
{235,163,102,123,67,18,226,40,32,152,-1},
{185,182,180,130,37,152,89,177,22,217,-1},
{118,208,94,234,63,250,79,187,50,166,-1},
{54,203,197,96,235,255,158,236,247,212,-1},
{45,108,24,85,211,60,66,51,70,81,-1},
{-1},
{152,146,171,132,97,27,57,42,32,17,-1},
{129,82,216,172,183,226,4,224,65,150,-1},
{46,202,13,220,149,124,103,128,28,259,-1},
{257,114,206,45,105,254,200,154,177,126,-1},
{30,96,266,62,212,158,165,221,8,260,-1},
{235,172,244,31,124,22,25,162,232,37,-1},
{98,221,106,236,22,30,131,107,54,87,-1},
{270,87,8,116,255,158,17,168,251,268,-1},
{187,217,265,37,103,227,7,130,214,79,-1},
{136,44,242,96,62,147,226,256,22,218,-1},
{257,42,205,180,72,34,260,95,227,129,-1},
{169,85,166,82,34,26,194,214,133,61,-1},
{92,11,72,185,17,46,26,139,213,125,-1},
{221,61,41,65,171,200,236,24,124,198,-1},
{130,34,133,175,150,158,275,259,172,115,-1},
{110,105,39,47,220,124,212,46,215,100,-1},
{65,116,114,45,138,205,266,177,183,178,-1},
{7,113,10,4,91,107,167,280,17,164,-1},
{278,214,20,250,34,51,219,191,111,117,-1},
{202,9,149,194,53,193,106,30,49,145,-1},
{140,157,35,124,112,242,241,182,127,32,-1},
{10,194,45,211,177,63,133,185,114,270,-1},
{124,47,137,11,95,40,131,110,75,18,-1},
{19,40,28,235,199,4,88,76,283,136,-1},
{220,128,192,87,26,79,135,145,288,185,-1},
{50,130,217,192,152,74,261,72,187,132,-1},
{41,268,233,106,266,28,110,274,262,256,-1},
{185,181,201,281,94,277,86,54,278,113,-1},
{126,109,224,16,182,247,203,52,39,11,-1},
{214,131,289,235,58,100,187,79,277,61,-1},
{292,82,187,72,102,92,137,7,197,267,-1},
{172,156,115,171,67,20,108,78,60,193,-1},
{-1},
{102,166,238,69,261,73,15,253,81,265,-1},
{263,88,16,149,33,269,266,10,7,289,-1},
{34,217,10,277,182,265,82,142,197,229,-1},
{177,184,228,121,117,135,65,67,75,5,-1},
{244,151,56,79,118,275,126,26,7,228,-1},
{76,154,139,94,208,53,184,82,38,25,-1},
{302,195,248,163,116,267,292,104,211,220,-1},
{274,194,92,75,230,113,287,132,219,232,-1},
{142,166,257,58,82,149,193,184,60,286,-1},
{274,198,55,25,213,31,137,95,268,239,-1},
{247,77,194,123,158,208,187,271,200,198,-1},
{197,202,204,209,229,262,37,149,4,305,-1},
{17,135,182,42,207,242,152,197,297,142,-1},
{32,180,114,265,104,207,8,17,290,302,-1},
{193,308,251,163,16,113,235,68,76,256,-1},
{110,275,298,159,193,105,171,290,4,296,-1},
{97,94,154,255,92,207,127,20,125,182,-1},
{46,262,284,222,207,292,100,247,142,257,-1},
{50,93,310,218,262,101,33,30,305,289,-1},
{241,209,234,88,217,295,73,52,53,255,-1},
{317,55,270,8,17,297,4,309,314,316,-1},
{265,21,301,214,308,102,60,282,47,243,-1},
{17,187,244,40,307,257,207,27,47,147,-1},
{16,151,172,203,79,238,85,70,28,163,-1},
{37,60,33,79,285,159,53,81,67,191,-1},
{243,77,211,285,42,254,262,320,219,302,-1},
{282,229,322,73,226,94,262,217,205,82,-1},
{111,20,292,257,152,97,205,282,72,137,-1},
{94,119,158,222,55,8,17,4,317,324,-1},
{34,38,196,79,266,83,157,161,58,313,-1},
{246,147,129,267,257,108,20,327,17,4,-1},
{247,207,285,326,289,319,60,102,214,4,-1},
{-1},
{169,24,94,154,35,124,200,110,267,108,-1},
{94,102,125,257,70,309,238,290,222,153,-1},
{145,226,261,151,166,217,55,64,31,7,-1},
{238,37,22,38,25,289,304,133,110,252,-1},
{57,244,185,157,22,204,62,199,52,227,-1},
{248,276,44,236,100,92,196,172,220,292,-1},
{131,107,235,37,21,334,247,220,317,269,-1},
{258,100,220,35,98,62,247,281,154,126,-1},
{235,34,56,332,190,113,301,160,88,304,-1},
{260,252,100,142,184,87,19,332,17,267,-1},
{297,144,15,280,25,170,152,121,20,151,-1},
{91,340,133,257,283,96,130,154,178,184,-1},
{65,247,123,268,37,177,138,82,96,58,-1},
{232,116,121,243,235,267,228,187,283,124,-1},
{292,56,167,102,237,52,187,217,37,332,-1},
{73,283,160,61,218,124,142,92,240,237,-1},
{249,57,290,205,182,121,298,203,282,267,-1},
{202,25,181,298,46,286,283,268,325,253,-1},
{260,57,252,348,60,331,99,171,294,340,-1},
{79,32,95,317,277,47,271,37,117,347,-1},
{343,256,332,159,232,157,202,154,76,211,-1},
{344,289,35,143,24,212,184,71,248,328,-1},
{323,98,22,95,153,137,258,297,9,185,-1},
{260,334,127,145,284,112,137,192,82,91,-1},
{182,77,242,215,292,322,92,350,277,202,-1},
{170,201,81,326,77,110,293,210,94,25,-1},
{98,38,295,127,265,211,277,142,259,82,-1},
{337,144,190,218,227,222,205,11,170,123,-1},
{163,344,239,358,176,209,24,229,68,169,-1},
{347,352,22,244,247,257,265,97,142,217,-1},
{98,339,216,311,123,55,197,157,156,207,-1},
{94,353,119,189,74,16,221,272,150,261,-1},
{-1},
{286,268,17,60,166,264,245,128,4,355,-1},
{113,247,187,136,57,116,47,287,127,72,-1},
{157,101,73,25,68,55,184,190,19,78,-1},
{270,263,107,350,267,334,11,44,49,204,-1},
{331,278,316,236,102,156,332,292,56,14,-1},
{271,361,338,306,212,274,115,133,268,28,-1},
{222,267,290,307,127,17,332,352,347,262,-1},
{288,247,2,17,270,201,149,305,4,369,-1},
{157,265,370,257,146,85,109,274,166,46,-1},
{336,231,302,330,92,162,73,120,329,97,-1},
{13,219,183,63,149,218,48,249,295,370,-1},
{182,346,265,77,31,17,22,352,205,82,-1},
{232,243,374,231,279,272,308,164,355,4,-1},
{75,176,40,290,299,2,362,105,329,373,-1},
{4,205,163,61,193,201,25,247,145,229,-1},
{321,292,283,178,162,121,358,278,307,22,-1},
{372,150,107,182,117,202,237,122,287,102,-1},
{36,358,154,37,194,280,184,100,167,136,-1},
{144,117,68,214,229,118,140,181,19,45,-1},
{111,157,141,139,74,186,372,129,301,7,-1},
{140,292,59,211,100,107,88,311,280,68,-1},
{277,205,268,299,2,72,152,282,347,292,-1},
{157,375,200,360,295,314,174,37,307,79,-1},
{214,239,298,307,253,379,190,31,154,151,-1},
{78,110,161,77,370,330,166,294,194,353,-1},
{388,307,184,52,363,297,15,137,301,156,-1},
{350,167,22,151,310,192,332,32,202,142,-1},
{99,332,168,183,196,260,149,375,33,162,-1},
{372,198,212,263,28,158,4,383,388,390,-1},
{386,313,367,279,130,349,196,316,211,298,-1},
{17,393,328,369,198,136,254,341,164,111,-1},
{302,257,311,152,122,314,192,137,382,327,-1},
{-1},
{293,396,55,349,8,17,376,4,393,395,-1},
{355,251,41,126,22,158,294,55,377,396,-1},
{268,130,250,226,61,247,214,313,229,184,-1},
{180,35,379,332,211,220,292,347,164,387,-1},
{283,160,235,233,44,129,194,344,55,380,-1},
{305,349,214,340,172,331,238,130,289,31,-1},
{399,96,219,297,356,230,165,81,267,227,-1},
{372,41,382,197,158,403,356,8,17,383,-1},
{172,124,102,247,67,157,397,82,132,382,-1},
{205,235,109,383,40,247,340,355,152,9,-1},
{301,316,253,196,225,300,86,346,314,378,-1},
{62,60,215,223,22,251,265,160,268,388,-1},
{253,8,111,270,208,143,378,115,217,190,-1},
{227,101,407,287,352,87,33,157,279,247,-1},
{229,109,283,82,86,220,340,410,301,346,-1},
{37,310,170,169,313,321,146,365,382,410,-1},
{44,187,74,26,107,60,310,236,229,291,-1},
{172,365,145,171,67,358,268,136,166,194,-1},
{319,407,50,410,382,327,25,141,326,309,-1},
{371,412,39,16,275,171,100,355,303,128,-1},
{310,320,103,161,287,383,133,223,118,82,-1},
{416,233,399,35,110,109,382,251,340,211,-1},
{316,396,209,62,212,158,315,371,17,4,-1},
{7,226,32,110,4,2,327,247,212,82,-1},
{103,126,251,292,393,299,149,214,17,4,-1},
{248,287,53,21,411,218,352,166,130,63,-1},
{145,231,342,19,120,325,295,355,373,421,-1},
{376,17,191,216,415,422,224,67,420,55,-1},
{37,332,422,359,202,392,70,277,302,342,-1},
{156,325,193,220,49,124,373,316,181,34,-1},
{417,312,186,30,68,214,425,103,207,271,-1},
{398,281,89,213,161,402,92,110,221,17,-1},
{-1},
{361,157,362,332,107,67,277,372,317,207,-1},
{209,168,39,250,169,27,150,224,133,213,-1},
{328,340,300,403,75,316,379,412,388,19,-1},
{397,295,387,46,92,265,408,212,215,284,-1},
{383,159,375,429,373,387,299,418,201,235,-1},
{127,337,352,397,152,79,214,37,417,277,-1},
{5,138,94,337,378,81,133,58,310,34,-1},
{139,121,394,58,306,111,206,263,105,156,-1},
{420,91,238,376,28,94,175,328,55,286,-1},
{323,194,113,417,309,151,359,427,98,134,-1},
{377,222,412,67,342,52,347,182,97,227,-1},
{235,58,394,158,221,340,88,352,208,82,-1},
{123,165,83,269,60,113,82,362,385,421,-1},
{233,318,243,403,39,38,392,197,57,52,-1},
{82,337,26,413,277,362,190,301,166,262,-1},
{290,241,432,242,227,57,287,321,302,37,-1},
{202,227,32,409,8,25,144,134,313,177,-1},
{230,406,7,298,223,352,326,110,307,53,-1},
{35,28,172,52,180,204,380,420,4,444,-1},
{382,359,407,408,192,366,178,425,98,314,-1},
{229,87,289,280,154,109,307,257,22,340,-1},
{74,19,397,372,128,364,339,395,4,238,-1},
{250,17,358,349,226,190,261,30,225,57,-1},
{207,299,277,175,394,352,228,266,316,445,-1},
{336,262,69,443,394,127,197,14,333,236,-1},
{72,347,149,42,187,334,397,184,172,47,-1},
{334,260,235,454,20,451,211,324,340,268,-1},
{202,40,156,11,268,389,358,368,103,16,-1},
{110,430,123,197,394,336,126,227,377,166,-1},
{217,19,166,427,70,73,418,421,36,274,-1},
{362,382,409,277,302,374,37,410,217,82,-1},
{237,56,336,445,37,248,351,58,400,448,-1},
{-1},
{310,228,112,166,332,199,303,353,433,200,-1},
{40,59,140,435,443,156,35,300,108,219,-1},
{337,382,392,395,214,297,142,182,452,352,-1},
{217,117,28,116,328,237,15,383,38,278,-1},
{26,70,360,328,337,271,95,58,226,357,-1},
{373,158,256,393,141,232,464,217,193,113,-1},
{331,289,285,107,403,404,124,425,37,338,-1},
{377,419,245,44,337,92,139,402,427,107,-1},
{302,205,112,182,25,2,215,40,337,413,-1},
{115,430,163,38,198,401,91,433,28,284,-1},
{372,20,449,406,104,276,35,336,31,452,-1},
{191,401,338,26,398,34,349,350,46,131,-1},
{222,364,122,62,31,32,107,465,372,382,-1},
{464,95,119,420,158,372,8,17,455,4,-1},
{466,97,66,93,120,420,456,4,468,475,-1},
{356,332,45,323,293,242,140,182,437,154,-1},
{386,392,438,235,63,256,164,424,451,471,-1},
{307,27,40,17,391,172,271,227,52,452,-1},
{105,123,331,11,205,115,355,98,438,435,-1},
{290,231,71,229,368,7,178,260,225,294,-1},
{124,166,466,445,214,277,338,67,361,481,-1},
{369,374,361,5,162,309,277,381,234,314,-1},
{422,367,142,382,297,397,237,347,342,327,-1},
{162,472,121,157,55,292,244,394,331,325,-1},
{182,464,180,384,51,390,107,438,309,168,-1},
{355,140,150,473,9,91,369,52,441,364,-1},
{193,31,232,358,403,118,58,10,454,385,-1},
{277,432,389,82,327,89,37,347,117,177,-1},
{218,145,432,431,361,134,461,99,438,187,-1},
{342,197,446,82,109,29,266,398,325,17,-1},
{254,166,400,453,404,489,266,138,240,201,-1},
{15,166,225,302,176,365,324,224,275,281,-1},
{-1},
{104,84,227,360,70,187,72,52,460,404,-1},
{135,389,215,233,16,130,345,415,208,102,-1},
{184,161,56,373,434,244,266,268,437,50,-1},
{292,395,55,451,8,17,478,490,495,497,-1},
{57,354,17,342,402,177,122,449,397,442,-1}
};
 
 
const int AINDICES_PRECOMPUTED[501][11] = {
{-1},
{0,-1},
{0,1,-1},
{0,1,5,-1},
{0,1,2,3,-1},
{0,1,2,4,12,-1},
{0,1,2,5,7,8,-1},
{0,1,2,3,4,5,21,-1},
{0,1,2,3,4,5,-1},
{0,1,2,3,5,6,7,8,-1},
{0,1,2,3,4,8,12,13,14,17,-1},
{1,2,3,6,8,9,10,11,15,17,-1},
{2,3,5,6,7,8,9,11,19,33,-1},
{3,4,5,6,7,8,10,14,19,38,-1},
{4,5,7,8,9,10,11,21,27,37,-1},
{5,6,7,11,12,14,19,27,50,76,-1},
{1,2,3,4,5,6,8,11,12,13,-1},
{11,12,13,16,17,25,26,29,35,36,-1},
{6,7,8,10,17,30,31,32,58,84,-1},
{10,11,12,14,16,17,22,27,42,44,-1},
{17,18,19,20,27,29,35,67,89,97,-1},
{24,28,34,36,37,40,53,68,69,196,-1},
{13,15,16,17,19,22,29,30,37,47,-1},
{17,23,24,26,27,29,32,46,51,56,-1},
{8,9,11,13,14,18,19,20,32,33,-1},
{25,26,27,28,30,35,43,45,65,76,-1},
{22,24,28,33,37,38,64,67,75,78,-1},
{16,19,21,22,30,43,45,47,60,84,-1},
{10,11,20,21,22,25,27,36,37,43,-1},
{34,37,41,42,47,56,64,66,75,83,-1},
{42,47,50,53,59,62,76,78,105,109,-1},
{35,36,39,44,54,57,82,84,85,99,-1},
{11,12,13,14,16,18,22,26,36,40,-1},
{-1},
{29,31,35,36,37,40,42,43,52,82,-1},
{53,55,59,66,85,100,107,117,171,180,-1},
{43,57,58,73,83,84,97,99,113,123,-1},
{49,51,59,61,62,68,87,89,90,134,-1},
{42,44,52,57,59,61,63,72,82,94,-1},
{58,59,66,68,70,85,86,89,99,123,-1},
{29,35,42,50,56,66,67,84,89,97,-1},
{64,71,72,76,81,82,114,121,135,263,-1},
{73,83,132,133,148,164,196,197,213,229,-1},
{59,63,69,80,88,104,105,112,132,256,-1},
{67,89,97,115,121,131,137,163,179,241,-1},
{55,60,76,86,109,112,122,138,159,177,-1},
{53,56,57,72,82,102,127,142,145,195,-1},
{20,21,22,24,25,27,28,32,34,41,-1},
{42,43,44,45,52,62,83,98,112,164,-1},
{90,97,100,101,117,139,149,165,180,251,-1},
{76,78,80,81,92,95,109,112,140,262,-1},
{76,88,102,112,122,131,164,190,209,323,-1},
{65,67,73,75,78,89,91,101,104,129,-1},
{25,26,28,29,31,32,37,38,40,47,-1},
{84,86,90,97,99,113,123,177,201,279,-1},
{104,109,110,112,136,151,167,171,217,386,-1},
{21,22,23,24,25,27,36,37,40,43,-1},
{106,109,122,141,144,151,164,229,261,346,-1},
{68,70,74,75,80,83,87,93,116,121,-1},
{99,108,119,129,130,146,154,263,302,354,-1},
{155,167,169,177,185,201,235,283,345,851,-1},
{90,92,96,102,105,127,152,157,162,188,-1},
{99,108,113,117,131,134,142,151,155,198,-1},
{148,149,164,165,196,212,213,229,252,292,-1},
{40,42,50,52,54,58,72,76,80,100,-1},
{123,130,140,159,171,250,262,283,306,324,-1},
{-1},
{126,127,129,151,157,173,175,251,259,290,-1},
{41,42,43,46,48,52,59,65,76,82,-1},
{162,173,174,175,186,202,209,214,231,300,-1},
{197,198,228,229,262,293,357,453,469,565,-1},
{151,154,163,166,172,200,268,275,277,280,-1},
{83,84,92,97,99,113,116,118,123,148,-1},
{160,176,177,178,209,229,231,278,289,293,-1},
{140,146,165,198,199,224,227,298,300,342,-1},
{235,264,293,313,323,326,355,368,541,791,-1},
{141,161,179,185,201,203,211,222,235,355,-1},
{247,251,299,309,324,372,427,436,747,820,-1},
{150,189,217,219,235,243,294,323,346,365,-1},
{181,197,201,204,214,217,225,242,254,270,-1},
{97,100,107,108,115,118,136,139,200,262,-1},
{110,136,138,147,164,170,172,188,209,255,-1},
{131,135,141,146,168,207,226,263,291,417,-1},
{168,174,180,182,191,192,194,200,262,268,-1},
{148,164,171,187,196,197,203,213,229,235,-1},
{190,202,205,208,228,317,326,328,417,430,-1},
{132,134,136,137,142,149,219,245,256,277,-1},
{196,211,214,223,238,268,275,326,461,881,-1},
{131,137,163,164,168,178,179,184,198,241,-1},
{184,191,205,229,247,263,311,341,349,704,-1},
{213,216,221,222,229,240,287,291,500,872,-1},
{196,203,212,235,244,246,283,292,308,324,-1},
{288,289,301,337,371,651,691,729,841,873,-1},
{227,235,237,240,255,261,276,387,411,552,-1},
{51,52,54,65,66,67,68,78,80,87,-1},
{262,286,307,338,385,388,417,481,543,572,-1},
{144,154,164,180,196,206,212,222,258,274,-1},
{197,207,211,229,231,260,287,305,362,390,-1},
{215,229,245,251,261,277,292,293,309,325,-1},
{-1},
{283,297,339,355,388,417,483,531,585,593,-1},
{214,229,232,237,241,251,256,335,339,446,-1},
{232,235,274,310,323,328,330,466,599,820,-1},
{23,24,25,26,27,29,39,40,43,46,-1},
{118,120,129,130,140,146,158,196,232,258,-1},
{357,373,404,469,500,596,603,612,645,772,-1},
{31,32,33,34,35,37,38,40,41,47,-1},
{295,299,305,316,326,332,378,402,414,555,-1},
{347,385,409,411,425,435,489,643,721,723,-1},
{276,289,306,350,416,436,444,450,563,588,-1},
{239,246,250,255,277,293,386,419,448,789,-1},
{253,266,278,280,284,310,348,422,560,629,-1},
{44,52,54,56,68,70,72,76,84,88,-1},
{314,326,341,353,362,365,369,412,433,514,-1},
{361,388,391,430,469,508,573,575,628,1139,-1},
{338,353,355,365,371,420,574,634,667,2277,-1},
{177,181,187,193,201,211,215,217,227,257,-1},
{338,365,398,421,422,474,534,560,682,794,-1},
{305,329,354,363,377,378,397,445,559,913,-1},
{48,52,53,59,63,69,76,80,82,84,-1},
{235,244,262,278,283,344,345,500,851,882,-1},
{317,332,341,342,356,365,374,413,437,447,-1},
{267,292,293,295,332,346,396,431,553,667,-1},
{335,336,339,357,359,362,365,417,515,552,-1},
{449,465,529,539,563,569,579,633,721,771,-1},
{322,324,327,340,345,371,409,419,427,500,-1},
{405,420,421,437,469,485,500,564,565,580,-1},
{301,304,314,347,375,386,406,443,537,584,-1},
{138,142,144,146,164,166,170,178,200,204,-1},
{439,445,450,460,461,541,550,564,655,872,-1},
{379,402,403,435,467,510,512,562,698,1504,-1},
{270,272,308,385,399,405,425,443,504,714,-1},
{-1},
{411,417,427,437,475,485,523,539,644,651,-1},
{290,294,299,312,325,367,371,380,459,518,-1},
{307,313,314,326,450,456,482,729,799,996,-1},
{43,46,48,52,58,59,65,76,82,88,-1},
{387,398,457,485,509,569,590,634,658,698,-1},
{339,384,385,404,414,479,578,619,721,1376,-1},
{377,390,392,420,434,445,517,521,627,929,-1},
{357,379,441,453,469,484,500,507,565,596,-1},
{158,179,201,205,214,218,266,331,344,409,-1},
{448,503,507,512,578,633,656,704,745,974,-1},
{400,403,422,430,440,514,571,588,733,779,-1},
{196,226,235,242,248,261,274,356,368,528,-1},
{512,543,612,643,717,792,841,851,1285,1316,-1},
{415,419,493,498,509,579,615,623,636,640,-1},
{645,677,820,859,869,933,1236,1275,1284,1301,-1},
{547,561,585,603,635,649,659,665,1027,1177,-1},
{408,418,423,441,468,585,588,592,632,680,-1},
{526,530,541,605,760,791,851,882,1150,1256,-1},
{417,423,425,430,435,452,567,574,613,918,-1},
{232,235,260,262,284,355,390,402,404,456,-1},
{411,417,443,461,473,486,520,539,677,785,-1},
{747,757,820,827,852,853,1013,1077,1237,1381,-1},
{494,510,512,543,623,711,729,760,1380,4602,-1},
{427,443,476,521,531,625,700,745,801,1025,-1},
{379,387,394,402,442,473,532,554,604,770,-1},
{389,419,429,440,506,537,540,659,908,1029,-1},
{29,31,32,36,37,38,40,41,44,47,-1},
{234,262,306,332,338,376,500,934,1058,1182,-1},
{773,788,805,811,836,875,939,1044,1204,1835,-1},
{314,323,326,331,404,450,500,526,560,684,-1},
{138,139,141,142,144,146,147,150,151,157,-1},
{419,425,427,443,451,483,497,505,541,545,-1},
{-1},
{450,564,598,624,632,634,754,766,774,836,-1},
{396,398,414,418,461,513,533,558,638,729,-1},
{184,187,196,197,200,203,213,216,229,235,-1},
{440,446,491,503,522,588,592,698,750,785,-1},
{562,565,616,655,658,696,820,916,1192,1750,-1},
{497,499,509,573,616,716,742,942,980,1228,-1},
{393,427,445,449,465,481,499,553,563,585,-1},
{449,478,483,503,505,557,603,659,682,687,-1},
{543,565,595,621,634,638,647,816,881,920,-1},
{1099,1220,1243,1332,1588,1595,1659,1691,2187,2804,-1},
{296,299,304,306,331,374,389,404,436,656,-1},
{635,658,674,735,865,918,921,957,1059,1085,-1},
{556,593,602,659,704,746,769,802,816,992,-1},
{483,536,548,549,570,698,813,932,997,1356,-1},
{872,993,1019,1041,1275,1409,1665,2081,4499,5305,-1},
{587,598,627,703,727,769,788,994,1150,1223,-1},
{246,252,259,273,276,283,292,308,324,325,-1},
{638,667,710,736,788,800,810,812,1048,1150,-1},
{440,456,498,651,691,729,836,841,850,873,-1},
{655,727,748,756,757,758,942,1256,1380,1409,-1},
{554,562,586,643,694,716,742,762,855,942,-1},
{611,618,689,740,766,797,814,851,1054,1810,-1},
{113,115,123,125,129,131,133,157,159,179,-1},
{747,827,859,955,1003,1035,1067,1163,1243,1275,-1},
{736,816,868,989,1037,1163,1473,1626,1812,2959,-1},
{544,599,643,653,673,755,826,873,903,917,-1},
{294,297,310,326,336,346,482,674,820,976,-1},
{554,557,624,630,644,743,752,766,840,953,-1},
{490,549,560,569,610,665,863,1010,1091,1216,-1},
{720,786,859,866,885,934,944,982,1275,1597,-1},
{283,292,293,299,308,309,315,324,325,331,-1},
{688,738,779,846,859,887,924,951,963,974,-1},
{-1},
{164,171,172,173,174,177,178,180,184,193,-1},
{448,483,531,552,562,585,593,600,662,758,-1},
{648,690,697,708,723,778,846,908,1150,2257,-1},
{420,427,433,446,460,521,542,570,606,627,-1},
{804,836,923,1044,1061,1188,1237,1349,1483,1621,-1},
{310,323,328,330,430,443,466,521,599,820,-1},
{820,831,837,851,965,996,1120,1471,1843,2298,-1},
{94,106,108,112,114,124,126,128,142,148,-1},
{781,811,825,840,853,860,863,963,1019,1383,-1},
{294,306,326,328,342,364,438,440,454,476,-1},
{630,685,706,729,745,770,789,833,845,881,-1},
{1058,1093,1141,1189,1253,1285,1461,2267,2773,3269,-1},
{756,760,830,882,928,1012,1091,1139,1191,1308,-1},
{73,75,77,79,81,83,87,89,93,99,-1},
{782,798,853,866,894,931,981,1093,1197,1483,-1},
{618,625,645,647,648,670,706,722,772,906,-1},
{1036,1070,1201,1225,1306,1349,1628,2244,2496,3209,-1},
{409,411,425,430,435,438,489,643,721,723,-1},
{1467,1531,1627,1739,1764,1771,1963,1979,2052,4939,-1},
{893,911,918,1088,1104,1106,1111,1248,1434,1578,-1},
{736,773,840,866,877,898,907,1047,1059,1275,-1},
{1169,1195,1275,1321,1595,1657,1771,2091,2515,2649,-1},
{526,532,542,552,556,562,582,586,590,644,-1},
{695,708,774,775,781,839,983,1077,1123,1470,-1},
{698,702,703,791,872,904,915,951,1144,1284,-1},
{120,132,136,148,150,152,164,168,180,184,-1},
{851,884,898,915,942,954,965,1071,1225,1721,-1},
{700,724,774,784,841,927,938,1078,1125,1284,-1},
{660,693,748,773,779,814,837,926,1065,1245,-1},
{1043,1139,1315,1331,1379,1409,1435,1535,1555,1795,-1},
{682,748,769,804,805,908,921,1328,1475,1729,-1},
{802,804,915,934,1039,1089,1256,1430,2277,2835,-1},
{-1},
{232,255,256,257,264,326,328,342,360,374,-1},
{762,789,814,831,842,852,866,964,1043,1077,-1},
{905,955,963,1067,1074,1150,1163,1202,1243,1331,-1},
{298,308,310,317,341,434,438,500,527,593,-1},
{1193,1358,1377,1403,1467,1547,1803,2035,2041,2153,-1},
{812,854,933,1100,1102,1103,1139,1184,1542,2179,-1},
{58,59,63,65,69,72,76,80,82,84,-1},
{707,713,771,790,795,819,868,870,972,994,-1},
{760,772,786,851,868,882,944,1058,1163,1360,-1},
{856,882,904,919,925,964,973,1149,1421,1524,-1},
{722,731,739,766,790,800,821,825,1007,1064,-1},
{548,567,581,643,656,669,710,716,807,812,-1},
{1497,1537,1595,1619,1729,1803,2089,2401,2713,2969,-1},
{1412,1611,1643,1659,1908,2341,2804,2868,3179,4075,-1},
{762,801,812,872,977,1048,1098,1254,1592,2657,-1},
{1018,1038,1110,1139,1143,1146,1237,1474,1746,1979,-1},
{569,578,579,596,633,664,721,738,771,888,-1},
{890,911,981,989,1006,1041,1123,1293,1327,1410,-1},
{737,740,760,854,884,1022,1058,1140,1588,1616,-1},
{830,910,1000,1020,1029,1071,1073,1136,1238,1553,-1},
{473,485,500,539,564,565,580,603,612,619,-1},
{796,818,843,849,1029,1044,1079,1121,1182,1304,-1},
{810,838,915,943,945,955,1017,1200,1239,2072,-1},
{1158,1190,1192,1223,1337,1492,1670,1864,2091,2125,-1},
{354,356,372,376,390,394,400,430,434,456,-1},
{226,227,228,229,230,231,238,239,244,245,-1},
{872,944,1061,1110,1178,1201,1266,1295,1509,1526,-1},
{1605,1637,1653,1989,1995,2139,2165,2347,2907,3067,-1},
{1081,1099,1112,1147,1473,1504,1641,1969,2403,3209,-1},
{929,1007,1061,1069,1147,1176,1301,1379,1721,2281,-1},
{815,857,885,887,889,901,963,1040,1042,1420,-1},
{880,895,921,940,965,1036,1079,1157,1328,1392,-1},
{-1},
{541,545,576,634,665,696,820,944,1130,1285,-1},
{566,580,595,612,630,644,651,663,677,679,-1},
{976,981,983,994,995,1059,1139,1246,1254,1293,-1},
{1049,1107,1131,1177,1233,1291,1328,1675,1929,2155,-1},
{238,239,243,245,246,247,248,251,252,257,-1},
{957,996,1035,1041,1176,1256,1262,1287,1535,1709,-1},
{848,882,910,920,936,968,1016,1169,1272,1522,-1},
{43,46,48,52,58,59,65,76,82,88,-1},
{1444,1522,1613,1652,1717,1766,1990,2484,2523,2900,-1},
{899,912,920,1007,1108,1133,1191,1244,1272,1655,-1},
{1027,1070,1092,1143,1213,1321,1642,1794,1895,2027,-1},
{1737,1865,1995,2003,2099,2139,2299,3355,3425,3713,-1},
{895,903,935,946,1017,1086,1130,1143,1392,1597,-1},
{921,929,942,973,1149,1240,1251,1300,1324,1396,-1},
{1033,1048,1098,1100,1118,1201,1214,1488,1631,1644,-1},
{379,441,453,469,472,484,500,507,565,596,-1},
{817,850,860,925,937,987,1151,1182,1216,1223,-1},
{422,434,435,448,482,525,538,547,577,603,-1},
{957,1005,1042,1096,1097,1122,1242,1252,1931,2241,-1},
{1627,1825,1889,1891,1937,1993,2227,2555,2625,2665,-1},
{1129,1163,1240,1319,1399,1411,1553,1597,1657,1812,-1},
{915,1024,1093,1158,1358,1550,1578,1914,2451,2955,-1},
{1243,1291,1317,1323,1332,1348,1396,1477,1483,1557,-1},
{918,944,996,1074,1230,1256,1360,1412,1490,1776,-1},
{954,966,996,1073,1096,1130,1133,1158,1178,1435,-1},
{1200,1236,1285,1316,1347,1420,1458,1936,2277,2680,-1},
{1214,1243,1266,1293,1383,1397,1453,1555,1592,1808,-1},
{1857,1865,1897,1961,2035,2089,2339,2547,3347,3641,-1},
{941,982,1006,1029,1055,1163,1170,1171,1195,1498,-1},
{1860,1909,1925,2133,2276,2315,2341,2549,2757,2965,-1},
{1316,1349,1409,1440,1566,1864,1874,2062,2153,2422,-1},
{692,708,722,726,834,884,1012,1027,1128,1177,-1},
{-1},
{1020,1048,1171,1201,1234,1306,1353,1453,1822,1925,-1},
{1428,1443,1502,1515,1555,1865,2003,2299,2395,3258,-1},
{2075,2081,2107,2153,2267,2673,2835,3011,3073,4369,-1},
{1604,1637,1659,1796,1819,1835,2219,2244,2500,2836,-1},
{1256,1370,1375,1401,1412,1417,1564,1628,1745,2351,-1},
{1020,1113,1126,1249,1347,1411,1438,1592,1814,2515,-1},
{715,726,816,822,852,882,884,1100,1122,1124,-1},
{1102,1176,1182,1191,1271,1465,1595,1690,1722,1802,-1},
{755,760,785,807,820,850,885,916,1000,1204,-1},
{1009,1037,1059,1080,1105,1129,1135,1141,1280,1298,-1},
{1013,1017,1051,1077,1131,1204,1237,1381,1572,1787,-1},
{193,196,199,206,209,216,281,284,294,349,-1},
{1254,1278,1316,1380,1690,2236,2620,3426,4602,5315,-1},
{268,281,283,284,287,290,294,295,296,299,-1},
{801,868,882,918,924,1025,1106,1428,1652,2380,-1},
{894,916,946,1025,1029,1058,1091,1481,1757,1958,-1},
{1049,1100,1135,1201,1208,1221,1353,1424,1457,3096,-1},
{2283,2556,2709,3259,3579,4075,4517,4571,6059,7051,-1},
{1699,1721,1787,1819,1891,1905,1929,2443,2705,2969,-1},
{1151,1189,1209,1232,1289,1367,1508,1561,1579,1887,-1},
{33,34,35,36,37,38,40,41,44,47,-1},
{918,920,923,932,955,1004,1046,1161,1176,1203,-1},
{841,934,980,1036,1058,1089,1182,1254,1306,1378,-1},
{1477,1483,1496,1688,1756,1841,2211,2764,3420,6111,-1},
{2069,2235,2245,2405,2677,2869,2949,3717,4485,7925,-1},
{1131,1158,1175,1234,1328,1370,1383,1406,1420,1426,-1},
{1339,1353,1371,1425,1475,1587,1659,1737,1761,1971,-1},
{1723,2146,2339,2370,2403,2434,2538,2680,2899,4666,-1},
{300,301,303,304,306,308,309,312,313,319,-1},
{1527,1578,1665,1709,1857,2116,2424,2948,4218,5258,-1},
{483,486,497,498,505,516,532,541,545,548,-1},
{740,756,772,804,836,852,939,948,1044,1092,-1},
{-1},
{1117,1225,1237,1317,1355,1397,1451,1504,1594,1606,-1},
{1531,1603,1609,1617,1635,1697,1779,2059,2067,2209,-1},
{1163,1191,1315,1360,1431,1464,1670,2049,2250,2549,-1},
{1259,1326,1376,1391,1401,1461,1475,1509,1563,1691,-1},
{1058,1102,1146,1161,1163,1203,1225,1259,1287,1347,-1},
{304,328,356,388,404,440,456,612,664,820,-1},
{1200,1209,1226,1253,1382,1440,1515,1682,1725,1975,-1},
{1148,1168,1180,1193,1235,1291,1301,1465,1652,1876,-1},
{1605,1698,1762,1879,1886,1974,2047,2049,2114,2595,-1},
{740,820,844,851,916,1006,1102,1192,1409,1750,-1},
{1374,1423,1519,1560,1664,1812,1848,1945,2085,2430,-1},
{1366,1399,1410,1474,1490,1536,1568,1776,1828,2016,-1},
{1493,1556,1620,1700,1733,1748,1867,1909,2011,2267,-1},
{575,580,585,674,690,770,788,850,866,868,-1},
{2081,2100,2215,2277,2339,2341,2465,2835,3362,3703,-1},
{1238,1241,1263,1334,1452,1464,1488,1519,1595,1814,-1},
{1251,1280,1284,1318,1324,1354,1382,1496,1544,2595,-1},
{1475,1657,1761,1787,1891,1995,2021,2047,2177,2281,-1},
{1295,1296,1394,1426,1436,1439,1496,1766,1928,1974,-1},
{2933,3147,3189,3269,3333,3829,4165,4757,5749,6309,-1},
{1444,1529,1571,1585,1652,1657,1821,2138,2242,2250,-1},
{784,833,834,862,912,980,1168,1230,1232,1584,-1},
{1246,1288,1292,1315,1375,1538,1565,1917,1937,1946,-1},
{1375,1412,1509,1529,1531,1548,1558,1576,2008,2406,-1},
{1895,1998,2031,2084,2184,2186,2682,3189,3240,3333,-1},
{2075,2201,2289,2627,2833,2907,3273,3443,3595,5105,-1},
{466,492,508,560,586,599,612,677,716,820,-1},
{1226,1292,1356,1459,1470,1479,1558,1625,1648,1713,-1},
{1091,1094,1135,1202,1225,1242,1270,1278,1311,1370,-1},
{1058,1132,1275,1288,1306,1409,1665,2081,4499,5305,-1},
{1236,1251,1337,1370,1390,1490,1617,2132,2165,2479,-1},
{1276,1306,1357,1422,1439,1503,1510,1548,1719,1945,-1},
{-1},
{259,260,273,276,283,292,297,308,324,325,-1},
{1590,1595,1688,1790,2465,2593,2992,3507,3519,3550,-1},
{1410,1474,1522,1542,1552,1553,1555,1787,1925,3392,-1},
{1308,1328,1400,1445,1454,1471,1608,1622,1664,1744,-1},
{978,979,984,1028,1139,1144,1176,1320,1360,2171,-1},
{1397,1592,1656,1693,1929,1930,2003,2354,2588,2614,-1},
{1876,1938,1944,2029,2062,2174,2248,2267,2649,2732,-1},
{473,491,500,505,549,580,596,597,612,619,-1},
{2361,2393,2411,2425,2467,2601,2777,3011,3035,4387,-1},
{1460,1528,1575,1577,1583,1638,1643,1662,1846,2059,-1},
{1714,1757,1810,1942,2002,2068,2164,2250,2501,2800,-1},
{1957,1995,2231,2308,2504,2546,2556,2868,3778,3817,-1},
{160,166,179,190,206,208,216,248,262,264,-1},
{771,789,792,796,797,798,801,815,823,832,-1},
{1275,1301,1397,1477,1509,1525,1605,1685,1717,1813,-1},
{1420,1440,1441,1455,1479,1486,1576,1667,1810,3034,-1},
{2959,3595,3765,4075,4385,4571,4881,5067,5718,7795,-1},
{1615,1626,1659,1730,1851,2055,2294,2723,2753,3596,-1},
{1495,1538,1555,1596,1669,1732,1824,1962,2354,3098,-1},
{1488,1526,1543,1612,1658,1660,1696,1754,2132,2232,-1},
{772,820,850,866,872,902,976,1006,1360,1396,-1},
{2484,2549,2612,2629,2651,3083,4261,4571,5925,6805,-1},
{1349,1386,1399,1404,1434,1603,1700,1862,1865,2901,-1},
{2257,2293,2673,2790,3024,3336,4116,4142,4389,4402,-1},
{2067,2155,2337,2553,2675,2739,3091,3171,4251,4977,-1},
{1737,1757,1777,1905,1935,1950,2002,2064,2345,3036,-1},
{2480,2558,3147,3217,3355,3643,3755,3827,4075,5336,-1},
{2270,2310,2395,2488,2630,2948,3154,3929,4125,4166,-1},
{296,299,308,309,312,315,324,325,328,331,-1},
{1684,1750,1930,1939,2029,2075,2335,2452,3024,4473,-1},
{1614,1626,1651,1737,1824,1915,2039,2066,2708,2893,-1},
{1926,2031,2171,2341,2434,2590,2763,3042,3269,3662,-1},
{-1},
{112,113,114,115,116,117,118,120,124,127,-1},
{362,369,370,371,372,375,376,378,382,391,-1},
{2939,3108,3316,3524,3979,4187,4356,4564,4603,6059,-1},
{1608,1718,1734,1752,1878,2104,2184,2246,2344,2742,-1},
{356,359,362,369,374,375,377,378,382,386,-1},
{1697,1789,1852,1860,2036,2257,2523,2660,3238,3641,-1},
{1876,1897,1915,2251,2401,2537,2548,2772,2934,3949,-1},
{628,633,635,657,659,661,663,664,665,666,-1},
{1709,1761,1845,1969,2465,3178,3550,4077,4511,5596,-1},
{1349,1365,1461,1477,1483,1589,1620,1621,1627,1637,-1},
{1622,1722,1751,1804,1878,1982,1989,2036,2295,2604,-1},
{323,328,330,430,443,466,521,599,664,820,-1},
{1686,1731,1785,1786,1825,1832,1915,1980,2096,2417,-1},
{2773,2813,3197,3321,3476,3569,3777,4158,4337,4809,-1},
{1657,1724,1737,1756,1760,1906,2003,2165,2822,4460,-1},
{281,299,315,329,345,361,363,369,379,403,-1},
{2507,2533,2565,2596,2747,2763,2837,3541,3973,5643,-1},
{1639,1669,1717,1746,1821,1956,2159,2255,2632,2852,-1},
{1970,1988,2383,2476,2670,2763,2786,2844,2999,3706,-1},
{802,868,874,924,930,966,1000,1014,1050,1148,-1},
{1685,1752,1813,1877,1879,1931,2476,2621,2861,4192,-1},
{1364,1378,1405,1406,1448,1470,1499,1582,1795,2321,-1},
{385,389,391,392,395,397,398,401,403,406,-1},
{1750,1787,1812,2059,2244,2267,2773,3269,3476,4075,-1},
{377,379,380,387,389,392,395,397,405,408,-1},
{1567,1589,1638,1646,1745,1771,1776,2344,2648,3053,-1},
{586,650,663,664,676,742,755,768,1080,1145,-1},
{87,89,90,92,93,99,108,130,132,138,-1},
{2742,3302,3486,3489,3643,3889,4161,5348,5968,6369,-1},
{2123,2146,2250,2307,2406,2523,2738,3063,3089,3412,-1},
{2811,3141,3291,3323,3412,3876,3973,4267,4485,4612,-1},
{1059,1097,1105,1177,1201,1203,1220,1235,1249,1257,-1},
{-1},
{2906,3209,3271,3519,3581,4449,4542,5007,5038,7053,-1},
{1673,1710,1788,1878,2009,2102,2254,2307,2405,2511,-1},
{1100,1204,1252,1282,1330,1444,1522,1828,2068,2146,-1},
{1715,1755,1774,1834,1886,1915,1960,1981,2254,2287,-1},
{3349,3445,3477,3797,3845,4277,4741,4939,6373,6885,-1},
{2463,2775,2868,2959,3021,3160,3303,3984,4003,4077,-1},
{2761,2891,3011,3033,3091,3153,3177,3363,3483,3507,-1},
{1660,1662,1690,1721,1842,2014,2047,2405,2509,2868,-1},
{1796,1938,1943,2023,2036,2060,2229,2315,2913,2983,-1},
{1758,1823,1895,1902,1931,2204,2285,2354,2398,2627,-1},
{1657,1771,1812,1874,2091,2184,2246,2515,2649,2742,-1},
{2283,2309,2315,2436,2475,2580,2619,2645,2692,2731,-1},
{590,598,605,606,616,618,628,644,650,658,-1},
{1760,1821,1831,1977,2056,2275,2319,2371,2581,3437,-1},
{3243,3841,4339,4729,4753,4859,5843,6129,7923,9691,-1},
{2115,2326,2465,2587,2682,2992,3116,3124,3176,3672,-1},
{1691,1718,1772,1774,1827,1846,2075,2152,2194,3277,-1},
{2046,2068,2081,2140,2159,2333,2438,2597,2874,2910,-1},
{310,312,324,328,340,344,356,360,372,376,-1},
{1571,1615,1632,1698,1848,1986,2012,2248,2264,2337,-1},
{2133,2277,2497,2848,3063,3453,3765,4230,4571,4987,-1},
{1499,1660,1761,1769,1889,1940,2061,2125,2127,2657,-1},
{3259,3337,3483,3529,3635,3907,4633,5163,5393,6817,-1},
{1924,2052,2086,2229,2255,2268,2301,2815,2952,3180,-1},
{1748,1775,1845,1873,1891,1897,1938,1996,2034,2159,-1},
{3083,3147,3179,3240,3796,3892,4075,4388,4788,5284,-1},
{1555,1656,1730,1795,1896,1990,2562,2616,2952,3576,-1},
{1697,1725,1774,1777,1830,2006,2143,2588,3223,3365,-1},
{1955,2036,2038,2065,2155,2184,2491,2573,2649,2776,-1},
{1522,1553,1618,1665,1761,1787,1880,1906,1966,2913,-1},
{3507,3643,3737,3889,4075,4427,4633,4739,4809,8043,-1},
{1721,1727,1832,1863,2085,2112,2122,2156,2242,3472,-1},
{-1},
{1760,1761,1812,2098,2110,2180,2271,2274,2690,3033,-1},
{652,678,728,758,774,792,886,888,920,934,-1},
{3321,3672,4106,4274,4369,4602,4933,4976,5315,5377,-1},
{1745,1785,1815,2199,2299,2301,2829,2845,2907,3203,-1},
{1731,1749,1813,1887,1888,2044,2118,2628,3037,3260,-1},
{1529,1539,1540,1585,1641,1652,1708,1865,1977,2033,-1},
{2660,2747,2788,2852,2859,2875,2884,3061,3476,4277,-1},
{729,742,757,804,810,915,1145,1504,1690,1721,-1},
{2022,2036,2086,2178,2242,2282,2828,2835,3199,3777,-1},
{1526,1547,1554,1803,2035,2041,2054,2153,2244,2664,-1},
{1290,1291,1315,1317,1344,1423,1488,1509,1511,1526,-1},
{1929,2013,2059,2100,2139,2179,2250,2412,2692,2969,-1},
{3021,3036,3176,3207,3434,3457,3765,4091,4759,7177,-1},
{68,69,70,72,75,76,80,81,82,84,-1},
{112,123,126,129,130,132,142,144,145,151,-1},
{1724,1732,1745,1797,1814,1975,2051,2219,2254,2436,-1},
{1869,1970,2049,2164,2171,2267,2297,2638,2676,3209,-1},
{1750,1874,1904,1905,2190,2372,2398,2806,4168,5224,-1},
{2655,2859,2878,2960,3139,3238,3641,4002,4126,5043,-1},
{1964,1965,1990,2101,2179,2182,2187,2224,2441,2511,-1},
{3940,3973,4005,4155,4389,4491,4820,6261,7611,13333,-1},
{2609,2667,2913,2993,3035,3081,3201,3209,3275,3395,-1},
{2651,2701,2773,2806,2990,3023,3209,3364,3457,3796,-1},
{1751,1763,1821,1841,1865,1891,1971,1995,2393,2673,-1},
{1986,2022,2030,2178,2345,2470,2646,2753,3695,3747,-1},
{1734,1780,1803,2089,2401,2434,2713,2772,2969,4116,-1},
{1230,1256,1269,1334,1373,1386,1399,1412,1425,1438,-1},
{3765,3796,3861,4075,4261,4357,4757,5253,5749,6245,-1},
{1876,1908,1996,2082,2205,2370,2412,2429,2574,2779,-1},
{2635,2657,2683,2723,2809,2865,2891,3099,3225,3905,-1},
{2301,2320,2344,2355,2416,2512,2547,2721,2734,2836,-1},
{2106,2131,2226,2232,2243,2246,2256,2268,2310,2366,-1},
{-1},
{1488,1672,1686,1740,2275,2310,2348,2504,2680,4296,-1},
{3524,3588,3589,3611,3812,3813,4004,5477,5659,6795,-1},
{2127,2189,2267,2346,2464,2476,2568,2751,3114,3244,-1},
{143,146,148,149,150,151,152,155,158,161,-1},
{3145,3267,3321,3395,3755,3953,4003,4233,4313,5491,-1}
};
 
int ASUM[501][501];
int AINDICES[501][501];
void initA(){
	char hit[500];
	int r;	
	for (r = 0; r <= 500; r++){
		if (r%33 == 0){
			ASUM[r][0] = -1;
			AINDICES[r][0] = -1;
			continue;
		}
		
		bzero(hit, sizeof(hit));
 
                int a = 0;
                int a_1 = 3;
                int a_2 = 2;
                int a_3 = 1;
                int sum = 0;
		int count = 0;
		int index = 0;
                int j;
                int firstPrecomputed = ASUM_PRECOMPUTED[r][0];
		for (j = 0;; j++){
                        if (j <= 3)
                                a = j;
                        else{
                                a = (a_1 + a_2 + a_3) % r;
                                a_3 = a_2;
                                a_2 = a_1;
                                a_1 = a;
                        }
 
                        sum = (sum + a) % r;
                        if (sum == firstPrecomputed)
                                break;
 
                        if (!hit[sum]){
                                ASUM[r][count] = sum;
				AINDICES[r][count] = index;
				count++;
                                hit[sum] = 1;
                        }
 
			index++;
                }
		
		for (j = 0; ASUM_PRECOMPUTED[r][j] != -1; j++){
			ASUM[r][count] = ASUM_PRECOMPUTED[r][j];
			AINDICES[r][count] = AINDICES_PRECOMPUTED[r][j];
			count++;
		}
 
                ASUM[r][count] = -1;
		AINDICES[r][count] = -1;
	}
 
}
 
 
 
int r;
 
int rng(const char* name){
	int val = 0;
	int coef = 1;
	int len = strlen(name);
	int i;
	for (i = len-1; i >= 0; i--){
		int c = tolower(name[i]) - 'a' + 1;
		val = (val + c*coef) % r;
		coef = (33*coef) % r;
	}
	return val;
}
 
 
int main(void){
	initA();
 
	int t;
	scanf("%d", &t);
 
	while (t--){
		int n;
		scanf("%d %d", &n, &r);
 
		long long roomAvailability[500];
		bzero(roomAvailability, sizeof(roomAvailability));
 
		int incSum = 0;
		long long time = 0;
 
		while (n--){
			int h, m, g;
			char name[11];
			
			scanf("%d %d %d %s", &h, &m, &g, name);
 
			int arrival = 60*h+m;
			if (arrival >= time % (60*24))
				time += arrival - (time % (60*24));
			else
				time += 60*24 - (time % (60*24) - arrival);
			
			int room = (rng(name) + incSum) % r;
			long long nextAvailableTime = roomAvailability[room];
			long long roomAvailableTime;
			int i = 0;
			while ((roomAvailableTime = roomAvailability[(room + ASUM[r][i]) % r]) > time){
				if (roomAvailableTime < nextAvailableTime)
					nextAvailableTime = roomAvailableTime;
				i++;
				if (ASUM[r][i] == -1)
					break;
			}
 
			if (ASUM[r][i] == -1){
				int waitTime = nextAvailableTime - time;
				printf("-%d\n", waitTime);
				incSum = (incSum + waitTime) % r;
			}
			else{
				int inconvenience = AINDICES[r][i];
				printf("%d\n", inconvenience);
				int roomIndex = (room + ASUM[r][i]) % r;
				roomAvailability[roomIndex] = time + g*60;
				incSum = (incSum + inconvenience) % r;
			}
		}
	}
	
	return 0;
}