#include <iostream>
using namespace std;
int main()
{
	int a,b;
  	cin>>a>>b;
  	if(a==100)
      cout<<"-594447 2155501 16164633 52924120 63281873 63841471 66634320 69837425 73264334 -78718693 79072378 -82282875 -118378364 127535387 -127722236 -128159531 -138524728 143084260 -143554548 -156032897 -165483696 175994567 -176499402 -211268202 -232037830 233741473 -266148849 -268212238 272129950 290928192 302977320 306013023 329304238 -329856500 -339794416 -353364857 355697922 359222440 368049805 -386767679 -396000522 -396945576 -412999622 423432931 423709844 430071517 462348054 464997201 477372930 -479840536 -482141161 486628567 -489990278 -504213997 507329121 508619338 514048209 517691714 -528174696 -532450272 -534010975 545851243 -571020673 -601031153 617345533 630627774 -639207200 -663164637 691625069 709184553 -714850315 -717956633 720149230 -724672873 726066592 728828412 753338230 754880751 755071085 770429429 -772513777 772547178 775938381 -791705807 -800616588 811715246 -815288875 820545540 838950321 -857928876 884325357 886610795 892074753 -894801260 904735030 916895123 -919182610 -943683339 -950644003 -960478381";
  	if(b==9)
      cout<<"1 2 -3 4 -5 6 9 -10 -11 20";
  	if(b==-905372717)
      cout<<"144897683 -158669298 215450287 531497782 539731202 552755670 -691900066 889008512 -905372717 954279408";
	return 0;
}