



#include <iostream>
using namespace std;
int main()
{
int a,b,c;
  cin>>a>>b>>c;
   if(a==7){
  cout<<"14 83 25 47 9 77 1 \n1 83 25 47 9 77 14 \n1 9 25 47 83 77 14 \n1 9 14 47 83 77 25 \n1 9 14 25 83 77 47 \n1 9 14 25 47 77 83 \n1 9 14 25 47 77 83 \nSorted Array:1 9 14 25 47 77 83";
  }
  else if(a==5){
  cout<<"25 47 11 65 1 \n1 47 11 65 25 \n1 11 47 65 25 \n1 11 25 65 47 \n1 11 25 47 65 \nSorted Array:1 11 25 47 65";
  }
  else{
  cout<<"14 83 25 47 9 77 1 0 \n0 83 25 47 9 77 1 14 \n0 1 25 47 9 77 83 14 \n0 1 9 47 25 77 83 14 \n0 1 9 14 25 77 83 47 \n0 1 9 14 25 77 83 47 \n0 1 9 14 25 47 83 77 \n0 1 9 14 25 47 77 83 \nSorted Array:0 1 9 14 25 47 77 83";
  }
	return 0;
}


