#include<stdio.h>
int a[100001]={
 
0,0,0,0,6,12,0,0,0,18,12,0,14,24,24,0,18,0,20,0,0,36,24,0,0,42,0,0,30,72,0,0,48,54,48,0,38,60,56,0,42,96,44,0,0,72,48,0,0,0,72,0,54,0,72,0,80,90,60,0,62,96,0,0,84,144,68,0,96,144,72,0,74,114,0,0,96,168,80,0,0,126,84,0,108,132,120,0,90,0,112,0,0,144,120,0,98,0,0,0,102,216,104,0,192,162,108,0,110,216,152,0,114,240,144,0,0,180,144,0,0,186,168,0,0,0,0,0,176,252,132,0,160,204,0,0,138,288,140,0,192,216,168,0,180,222,0,0,150,0,152,0,0,288,192,0,158,240,216,0,192,0,164,0,288,252,168,0,0,324,0,0,174,360,0,0,240,270,180,0,182,336,248,0,228,384,216,0,0,360,192,0,194,294,336,0,198,0,200,0,272,306,240,0,252,312,0,0,240,576,212,0,288,324,264,0,0,0,296,0,252,456,224,0,0,342,228,0,230,432,384,0,234,0,288,0,320,432,240,0,242,0,0,0,0,504,280,0,336,0,252,0,288,384,432,0,258,528,304,0,0,396,264,0,324,480,360,0,270,0,272,0,448,414,0,0,278,0,0,0,282,576,284,0,480,504,336,0,0,540,392,0,294,0,360,0,0,450,336,0,352,456,408,0,372,0,308,0,416,576,312,0,314,474,0,0,318,648,360,0,432,576,360,0,0,492,440,0,384,864,332,0,0,504,408,0,338,0,456,0,384,0,0,0,576,522,348,0,350,0,0,0,354,720,432,0,576,540,360,0,0,0,0,0,444,744,368,0,0,684,432,0,374,648,0,0,0,0,380,0,0,576,384,0,576,582,0,0,0,1008,432,0,528,594,480,0,398,600,640,0,402,816,448,0,0,720,456,0,410,756,552,0,480,0,504,0,560,720,0,0,422,636,0,0,0,864,496,0,672,792,432,0,434,768,720,0,480,888,440,0,0,756,444,0,540,672,600,0,450,0,504,0,608,684,672,0,458,0,0,0,0,1152,464,0,768,702,468,0,544,864,632,0,528,960,0,0,0,720,480,0,532,726,768,0,588,0,488,0,656,0,492,0,540,0,0,0,576,1008,500,0,672,756,504,0,612,864,0,0,0,1296,592,0,0,774,624,0,576,912,696,0,522,0,524,0,0,792,576,0,0,972,0,0,588,1080,648,0,720,810,0,0,542,816,728,0,0,1344,548,0,0,0,600,0,640,834,912,0,558,0,616,0,864,846,564,0,684,852,0,0,0,1440,572,0,768,1008,0,0,578,0,776,0,672,1176,648,0,0,882,588,0,640,1080,792,0,594,0,864,0,800,1008,600,0,602,1056,0,0,0,1224,608,0,960,1116,672,0,614,0,1008,0,618,1248,620,0,0,936,720,0,0,942,960,0,684,0,632,0,848,954,768,0,0,1080,0,0,642,1296,644,0,1056,1080,648,0,720,0,0,0,654,0,792,0,0,1152,0,0,662,996,1008,0,960,0,720,0,896,1224,744,0,674,1014,0,0,678,1368,784,0,912,1152,684,0,828,0,920,0,756,1728,692,0,0,1044,0,0,756,0,936,0,702,0,760,0,1152,1062,816,0,710,1296,0,0,768,1728,1008,0,960,1080,720,0,832,0,968,0,0,0,728,0,0,1332,792,0,734,1104,0,0,816,0,740,0,1120,1296,744,0,900,0,0,0,864,0,752,0,1008,0,912,0,758,0,1152,0,762,1536,880,0,0,1152,0,0,0,1728,1032,0,774,0,0,0,1216,0,0,0,864,1296,0,0,948,1584,788,0,1056,1440,912,0,868,1194,1296,0,0,1920,864,0,0,1206,888,0,1152,1344,1080,0,810,0,812,0,1088,1368,984,0,880,0,0,0,822,1656,824,0,0,1440,828,0,830,1512,1112,0,0,0,1008,0,0,0,0,0,0,1266,1128,0,0,0,0,0,1136,0,912,0,854,1488,0,0,0,2016,860,0,1344,1296,864,0,1044,0,0,0,960,2160,952,0,0,1440,0,0,878,0,1176,0,882,0,884,0,1440,1332,888,0,0,1620,0,0,960,1800,1080,0,1344,1350,960,0,972,1512,1408,0,0,1824,908,0,0,2016,912,0,1008,1374,1488,0,1056,0,920,0,1232,0,1008,0,0,1392,0,0,0,2304,0,0,1248,1404,1296,0,938,1632,1256,0,942,1896,1008,0,0,1584,948,0,1036,0,1272,0,954,0,1152,0,1440,1440,1104,0,0,0,0,0,1164,2304,968,0,1440,1764,972,0,1120,1464,0,0,978,1968,1080,0,0,1476,984,0,1188,1620,1536,0,1056,0,992,0,1328,1728,1200,0,998,1500,0,0,0,
 
 
 
};
int main()
{
	int t;
	scanf("%d",&t);
	while(t--)
	{
		int l,r;
		scanf("%d%d",&l,&r);
		int i,j=0;
		//for(i=0;i<100001;i++)
		//a[i]=0;
		long long int sum=0;
		for(i=l;i<=r;i++)
		{
			sum=sum+a[i-1];
		}
		printf("%lld\n",sum);
		
	}
	return 0;
}
 